44
26.8229 6.71875 64.8438 6.71875
64.8438 6.71875 78.3264 11.1649
78.3264 11.1649 81.55 22.6932
81.55 22.6932 77.8171 34.1908
77.8171 34.1908 65.8098 35.614
65.8098 35.614 48.9058 35.0738
48.9058 35.0738 43.9629 36.5345
43.9629 36.5345 44.1485 43.1439
44.1485 43.1439 46.1041 48.6498
46.1041 48.6498 53.8579 48.6153
53.8579 48.6153 64.3229 47.125
64.3229 47.125 76.1743 47.9777
76.1743 47.9777 83.1262 66.949
83.1262 66.949 77.0003 84.4664
77.0003 84.4664 61.2634 87.5806
61.2634 87.5806 45.1643 87.8474
45.1643 87.8474 24.3499 78.8979
24.3499 78.8979 13.09 61.631
13.09 61.631 10.7556 45.1791
10.7556 45.1791 9.45351 29.3588
9.45351 29.3588 13.0633 14.4047
13.0633 14.4047 26.8229 6.71875
26.8229 16.7188 64.8438 16.7188
64.8438 16.7188 71.1528 18.132
71.1528 18.132 71.575 23.4006
71.575 23.4006 70.36 27.528
70.36 27.528 64.3986 25.7141
64.3986 25.7141 48.49 25.0824
48.49 25.0824 36.5058 29.8717
36.5058 29.8717 32.1536 42.7936
32.1536 42.7936 38.2709 54.8659
38.2709 54.8659 51.8712 58.416
51.8712 58.416 64.3229 59.125
64.3229 59.125 69.3986 57.8817
69.3986 57.8817 71.3008 68.9885
71.3008 68.9885 68.0518 76.4711
68.0518 76.4711 59.57 75.7007
59.57 75.7007 45.9815 73.8713
45.9815 73.8713 28.7751 69.9303
28.7751 69.9303 21.8058 56.7284
21.8058 56.7284 20.7548 45.0552
20.7548 45.0552 19.4527 29.2349
19.4527 29.2349 20.7909 20.7516
20.7909 20.7516 26.8229 16.7188
