16
16.0108 27.8772 44.5313 13.1406
44.5313 13.1406 75.7222 26.9852
75.7222 26.9852 85.2818 53.2865
85.2818 53.2865 78.4187 83.4138
78.4187 83.4138 45.6036 93.7127
45.6036 93.7127 14.1393 85.075
14.1393 85.075 5.97963 55.3478
5.97963 55.3478 16.0108 27.8772
21.7496 33.4509 44.5313 25.1406
44.5313 25.1406 68.5486 33.9523
68.5486 33.9523 73.3119 54.1354
73.3119 54.1354 68.7167 76.3518
68.7167 76.3518 45.0214 79.7248
45.0214 79.7248 21.017 77.8157
21.017 77.8157 17.9787 55.1991
17.9787 55.1991 21.7496 33.4509
