4
0 5 0 0
0 6 3 0
0 6 1 0
0 3 0 0
6
6 5
-1.15223 1.36271 2.72155 -6.14228 -15.0329 -0.0359458 0.334243 0.144908 3.9187 6.74322 1.53837 2.41391 -0.533771 5.91984 8.87766 4.40342 7.24895 5.23206 -1.65748 -1.13916 1.208 10.8785 8.90082 0.205679 -6.57722 -2.44897 1.17201 0.961967 -2.0035 -3.68837 6 1
0.979016 -0.957672 -3.59828 -0.787125 -2.61957 -0.328456 6 6
3.99963 -1.64425 -3.95209 2.97339 2.64125 2.15082 -1.08923 -0.889274 0.414902 -2.8102 1.76323 -0.712882 0.820202 -0.118284 -1.12589 0.19203 1.87903 1.46107 -0.66547 1.39254 0.509247 0.300334 1.08049 0.677506 -0.390692 -0.444207 -0.517229 0.33091 0.119438 -0.626837 -2.43256 1.89835 0.0414517 -4.27059 -1.23287 -1.4434 6 1
2.00852 1.22071 -0.82732 -1.01933 -0.701878 1.44656 3 6
-3.98799 -1.70488 -0.906912 -0.883497 -0.353896 -2.95213 -3.33314 0.26668 -1.70582 0.0396547 0.684836 -3.92155 -4.69428 -2.28396 1.30947 1.57848 -0.346454 -2.30809 3 1
-1.7718 -1.26856 -3.94258 