4
0 5 0 0
0 6 3 0
0 6 1 0
0 3 0 0
6
6 5
-9.716 0.819632 -1.58524 -0.116985 -1.42215 3.01453 0.605811 0.576539 -0.105584 -0.835361 1.12652 7.65422 0.288687 0.955777 -1.40758 6.78948 5.23421 3.96162 -2.98664 -0.565812 0.0926123 0.0673463 0.939412 -1.35289 -0.793546 -0.04971 -0.996634 -1.27675 -0.957836 -1.13484 6 1
1.20675 -0.365405 -2.17307 -0.191694 0.244508 1.96203 6 6
-1.92813 0.256243 -2.02792 2.41325 -0.091619 -1.80558 -1.74446 -0.142504 0.401197 2.28567 -0.338509 0.101168 -2.59538 0.617337 -1.19319 2.81846 0.270234 -0.761097 -1.64385 0.416934 -0.00914073 1.52746 0.210319 -0.187311 -0.132724 -0.67935 -0.181493 0.529017 -0.252805 -0.478489 -1.68522 0.696343 -1.06544 1.98589 0.0209684 -0.140845 6 1
0.72397 -0.0508609 0.352578 -0.383004 -0.534224 -0.0251953 3 6
0.825645 1.61032 2.1768 1.47115 -0.344527 1.94373 0.207582 2.20049 2.3667 1.53059 0.632479 1.28118 2.86089 0.162872 1.86276 0.428995 -0.448696 1.32173 3 1
-8.35851 -7.84282 -6.88791 